total_updates: 20
num_no_ops: 3
num_mutations: 17
total_time_sec: 4.1879427609965205
pure_inference_time: 4.18675004132092
system_overhead_sec: 0.0011927196756005287
throughput_updates_per_sec: 4.775614458312464
total_decisions: 20
avg_time_per_inference: 0.209337502066046
avg_parallel_width: 5.0
executor_type: dag
correctness: 1.0
