total_updates: 20
num_no_ops: 15
num_mutations: 5
total_time_sec: 0.00020722299996123184
throughput_updates_per_sec: 96514.38307399124
executor_type: batch
batch_size: 50
concurrency: 50
correctness: 1.0
