total_updates: 100
num_no_ops: 68
num_mutations: 32
total_time_sec: 0.005768813999566191
throughput_updates_per_sec: 17334.58558509945
executor_type: batch
batch_size: 50
concurrency: 50
correctness: 0.9655172413793104
