total_updates: 1000
num_no_ops: 653
num_mutations: 347
total_time_sec: 0.3646449859998029
throughput_updates_per_sec: 2742.393391912814
correctness: 1.0
concurrency: 1
executor_type: sequential
