total_updates: 20
num_no_ops: 2
num_mutations: 18
total_time_sec: 63.320781253278255
pure_inference_time: 49.26645759679377
system_overhead_sec: 14.054323656484485
throughput_updates_per_sec: 0.3158520726394947
total_decisions: 20
avg_time_per_inference: 2.4633228798396885
avg_parallel_width: 1.8181818181818181
executor_type: dag_stream
