total_updates: 1000
num_no_ops: 536
num_mutations: 464
total_time_sec: 0.07592910199946346
throughput_updates_per_sec: 13170.180782686806
correctness: 1.0
concurrency: 1
executor_type: sequential
