total_updates: 1000
num_no_ops: 563
num_mutations: 437
total_time_sec: 0.15127962099995784
throughput_updates_per_sec: 6610.275682805146
correctness: 1.0
concurrency: 1
executor_type: sequential
