total_updates: 20
num_no_ops: 6
num_mutations: 14
total_time_sec: 15.724958518519998
pure_inference_time: 15.723959913477302
system_overhead_sec: 0.0009986050426959991
throughput_updates_per_sec: 1.2718634504787463
total_decisions: 20
avg_time_per_inference: 0.7861979956738651
correctness: 1.0
concurrency: 1
executor_type: sequential
